GA15VS23A

Key     Name Raw         UInt32 LoU16 HiU16 Encoding Calc Value Unit
---     ---- ---         ------ ----- ----- -------- ---- ----- ----
3002.01      00EA0080  15335552   128   234                         
3002.24      00290080   2687104   128    41                         
3002.26      00CA0080  13238400   128   202                         
3002.27      002E0080   3014784   128    46                         
3002.2A      016D0080  23920768   128   365                         
3002.66      00E10080  14745728   128   225                         
3003.21      00000080       128   128     0                         
3003.22      00000080       128   128     0                         
3003.2E      00000080       128   128     0                         
3003.2F      00000080       128   128     0                         
3003.30      00000080       128   128     0                         
3007.01      0001024D     66125   589     1                         
3007.03      00000009         9     9     0                         
3007.04      0000000A        10    10     0                         
3007.05      00000B2A      2858  2858     0                         
3007.06      00008F9F     36767 36767     0                         
3007.07      00005636     22070 22070     0                         
3007.08      00001059      4185  4185     0                         
3007.09      000000F5       245   245     0                         
3007.0B      000000E1       225   225     0                         
3007.0C      00000000         0     0     0                         
3007.0D      00020CE8    134376  3304     2                         
3007.0E      00000003         3     3     0                         
3007.0F      00000000         0     0     0                         
3007.17      00000006         6     6     0                         
3007.18      00000000         0     0     0                         
3007.1B      00000000         0     0     0                         
3007.25      0001EED2    126674 61138     1                         
3007.26      00000E78      3704  3704     0                         
3007.27      00000E71      3697  3697     0                         
3007.43      00020B73    134003  2931     2                         
3007.4C      00000000         0     0     0                         
3007.4D      00000000         0     0     0                         
3007.54      00000002         2     2     0                         
3007.55      0001EC30    126000 60464     1                         
3007.56      000000DE       222   222     0                         
3007.57      0000000E        14    14     0                         
3021.01      00000000         0     0     0                         
3021.05      00000000         0     0     0                         
3021.0A      00000255       597   597     0                         
3022.01      00000000         0     0     0                         
3022.0A      00000256       598   598     0                         
3005.1F      00010080     65664   128     1                         
3005.20      00010080     65664   128     1                         
3005.21      00000080       128   128     0                         
3005.27      00000080       128   128     0                         
3005.28      00000080       128   128     0                         
3005.29      00000080       128   128     0                         
3005.2A      00000080       128   128     0                         
300E.03      23020000 587333632     0  8962                         
300E.04      23030000 587399168     0  8963                         
300E.05      23040000 587464704     0  8964                         
300E.2A      23290000 589889536     0  9001                         
300E.F3      23F20000 603062272     0  9202                         
310E.23      28220000 673316864     0 10274                         
310E.27      28260000 673579008     0 10278                         
310E.2B      282A0000 673841152     0 10282                         
310E.3B      283A0000 674889728     0 10298                         
3113.01      10000001 268435457     1  4096                         
3113.03      00022021    139297  8225     2                         
3113.04      00000029        41    41     0                         
3113.05      00000000         0     0     0                         
3113.07      00000000         0     0     0                         
3113.08      00000000         0     0     0                         
3113.09      00000000         0     0     0                         
3113.0A      00000014        20    20     0                         
3113.0B      00000000         0     0     0                         
3113.0C      00000000         0     0     0                         
3113.0D      00000000         0     0     0                         
3113.0E      00000000         0     0     0                         
3113.0F      00000000         0     0     0                         
3113.10      00000000         0     0     0                         
3113.11      00000000         0     0     0                         
3113.12      00000000         0     0     0                         
3113.13      00000000         0     0     0                         
3113.14      00000000         0     0     0                         
3113.15      00000000         0     0     0                         
3113.16      00000000         0     0     0                         
3113.17      00000000         0     0     0                         
3113.18      00000000         0     0     0                         
3113.19      00000000         0     0     0                         
3113.1A      00000000         0     0     0                         
3113.1B      00000000         0     0     0                         
3113.1C      00000000         0     0     0                         
3113.1D      00000000         0     0     0                         
3113.1E      00000000         0     0     0                         
3113.1F      00000000         0     0     0                         
3113.20      00000000         0     0     0                         
3113.21      00000000         0     0     0                         
3113.22      00000000         0     0     0                         
3113.23      00000000         0     0     0                         
3113.24      00000000         0     0     0                         
3113.25      00000000         0     0     0                         
3113.26      00000000         0     0     0                         
3113.27      00000000         0     0     0                         
3113.28      00000000         0     0     0                         
3113.29      00000000         0     0     0                         
3113.2A      00000000         0     0     0                         
3113.2B      00000000         0     0     0                         
3113.2C      00000000         0     0     0                         
3113.2D      00000000         0     0     0                         
3113.2E      00000000         0     0     0                         
3113.2F      00000000         0     0     0                         
3113.30      00000000         0     0     0                         
3113.31      00000000         0     0     0                         
3113.32      00000000         0     0     0                         
3113.33      00000000         0     0     0                         
3113.34      00000000         0     0     0                         
3113.35      00000000         0     0     0                         
3113.36      00000000         0     0     0                         
3113.37      00000000         0     0     0                         
3113.38      00000000         0     0     0                         
3113.39      00000000         0     0     0                         
3113.3A      00000000         0     0     0                         
3113.3B      00000000         0     0     0                         
3113.3C      00000000         0     0     0                         
3113.3D      00000000         0     0     0                         
3113.3E      00000000         0     0     0                         
3113.3F      00000000         0     0     0                         
3113.40      00000000         0     0     0                         
3113.41      00000000         0     0     0                         
3113.42      00000000         0     0     0                         
3113.43      00000000         0     0     0                         
3113.44      00000000         0     0     0                         
3113.45      00000000         0     0     0                         
3113.46      00000000         0     0     0                         
3113.47      00000000         0     0     0                         
3113.48      00000000         0     0     0                         
3113.49      00000000         0     0     0                         
3113.4A      00000000         0     0     0                         
3113.4B      00001B58      7000  7000     0                         
3113.4C      00001F40      8000  8000     0                         
3113.4D      00000029        41    41     0                         
3113.4E      00000000         0     0     0                         
3113.4F      00000001         1     1     0                         
3113.50      0001024E     66126   590     1                         
3113.51      0001EFA5    126885 61349     1                         
3113.52      0001024E     66126   590     1                         
3113.53      0001EFA5    126885 61349     1                         
3113.54      0001024E     66126   590     1                         
3113.55      0001EFA5    126885 61349     1                         
3113.56      00000003         3     3     0                         
3113.57                             0     0                         
3113.58                             0     0                         
3113.59                             0     0                         
3113.5A                             0     0                         
3113.5B                             0     0                         
3113.5C                             0     0                         
3113.5D                             0     0                         
3113.5E                             0     0                         
3113.5F                             0     0                         
3113.60                             0     0                         
3113.61                             0     0                         
3113.62                             0     0                         
3113.63                             0     0                         
3113.64                             0     0                         
3113.65                             0     0                         
3113.66                             0     0                         
3113.67                             0     0                         
3114.01                             0     0                         
3114.02                             0     0                         
3114.03                             0     0                         
3114.04                             0     0                         
3114.05                             0     0                         
3114.06                             0     0                         
3114.07                             0     0                         
3114.08                             0     0                         
3114.09                             0     0                         
3114.0A                             0     0                         
3114.0B                             0     0                         
3114.0C                             0     0                         
3114.0D                             0     0                         
3114.0E                             0     0                         
3114.0F                             0     0                         
3114.10                             0     0                         
3114.11                             0     0                         
3114.12                             0     0                         
3009.01                             0     0                         
3009.06                             0     0                         
3009.11                             0     0                         
3009.07                             0     0                         
3009.12                             0     0                         
3009.09                             0     0                         
3009.14                             0     0                         
3001.08                             0     0