GAVP13

Key     Name Raw          UInt32 LoU16 HiU16 Encoding Calc Value Unit
---     ---- ---          ------ ----- ----- -------- ---- ----- ----
3002.01      00E70080   15138944   128   231                         
3002.03      0001024D      66125   589     1                         
3002.05      00000009          9     9     0                         
3002.08      0000000A         10    10     0                         
3003.01      00000B2A       2858  2858     0                         
3003.02      00008F9F      36767 36767     0                         
3003.0A      00005636      22070 22070     0                         
3007.01      00001059       4185  4185     0                         
3007.03      000000F5        245   245     0                         
3007.04      000000E1        225   225     0                         
3007.05      00000000          0     0     0                         
3007.06      00020EE3     134883  3811     2                         
3007.07      00000003          3     3     0                         
3007.08      00000000          0     0     0                         
3007.09      00000000          0     0     0                         
3007.0B      00000000          0     0     0                         
3007.0C      00000000          0     0     0                         
3007.0D      00000255        597   597     0                         
3007.0E      23020000  587333632     0  8962                         
3007.0F      23030000  587399168     0  8963                         
3007.14      23290000  589889536     0  9001                         
3007.15      10000001  268435457     1  4096                         
3007.18      FFE82021 4293402657  8225 65512                         
3007.22      00000026         38    38     0                         
3007.23      00000000          0     0     0                         
3007.24      00000000          0     0     0                         
3021.01      00000000          0     0     0                         
3021.05      00000000          0     0     0                         
3021.0A      00000014         20    20     0                         
3005.01      00000000          0     0     0                         
3005.02      00000000          0     0     0                         
3005.04      00000000          0     0     0                         
3005.05      00000000          0     0     0                         
3005.07      00000000          0     0     0                         
3005.08      00000000          0     0     0                         
3005.09      00000000          0     0     0                         
300E.03      00000000          0     0     0                         
300E.04      00000000          0     0     0                         
300E.2A      00000000          0     0     0                         
300E.88      00000000          0     0     0                         
3113.01      00000000          0     0     0                         
3113.03      00000000          0     0     0                         
3113.04      00000000          0     0     0                         
3113.05      00000000          0     0     0                         
3113.07      00000000          0     0     0                         
3113.08      00000000          0     0     0                         
3113.09      00000000          0     0     0                         
3113.0A      00000000          0     0     0                         
3113.0B      00000000          0     0     0                         
3113.0C      00000000          0     0     0                         
3113.0D      00000000          0     0     0                         
3113.0E      00000000          0     0     0                         
3113.0F      00000000          0     0     0                         
3113.10      00000000          0     0     0                         
3113.11      00000000          0     0     0                         
3113.12      00000000          0     0     0                         
3113.13      00000000          0     0     0                         
3113.14      00000000          0     0     0                         
3113.15      00000000          0     0     0                         
3113.16      00000000          0     0     0                         
3113.17      00000000          0     0     0                         
3113.18      00000000          0     0     0                         
3113.19      00000000          0     0     0                         
3113.1A      00000000          0     0     0                         
3113.1B      00000000          0     0     0                         
3113.1C      00000000          0     0     0                         
3113.1D      00000000          0     0     0                         
3113.1E      00000000          0     0     0                         
3113.1F      00000000          0     0     0                         
3113.20      00000000          0     0     0                         
3113.21      00000000          0     0     0                         
3113.22      00000000          0     0     0                         
3113.23      00000000          0     0     0                         
3113.24      00000000          0     0     0                         
3113.25      00000000          0     0     0                         
3113.26      00000000          0     0     0                         
3113.27      00000000          0     0     0                         
3113.28      00000000          0     0     0                         
3113.29      00000000          0     0     0                         
3113.2A      00000000          0     0     0                         
3113.2B      00000000          0     0     0                         
3113.2C      00000000          0     0     0                         
3113.2D      00000000          0     0     0                         
3113.2E      00000000          0     0     0                         
3113.2F      00000000          0     0     0                         
3113.30      00000000          0     0     0                         
3113.31      00000000          0     0     0                         
3113.32      00000000          0     0     0                         
3113.33      00000000          0     0     0                         
3113.34      00000000          0     0     0                         
3113.35      00000000          0     0     0                         
3113.36      00000000          0     0     0                         
3113.37      00000000          0     0     0                         
3113.38      00001B58       7000  7000     0                         
3113.39      00001F40       8000  8000     0                         
3113.3A      00000026         38    38     0                         
3113.3B      00000000          0     0     0                         
3113.3C      00000001          1     1     0                         
3113.3D      0001024E      66126   590     1                         
3113.3E      0001F1A0     127392 61856     1                         
3113.3F      0001024E      66126   590     1                         
3113.40      0001F1A0     127392 61856     1                         
3113.41      00000003          3     3     0                         
3113.42                              0     0                         
3113.43                              0     0                         
3113.44                              0     0                         
3113.45                              0     0                         
3113.46                              0     0                         
3113.47                              0     0                         
3113.48                              0     0                         
3113.49                              0     0                         
3113.4A                              0     0                         
3113.4B                              0     0                         
3113.4C                              0     0                         
3113.4D                              0     0                         
3113.4E                              0     0                         
3113.4F                              0     0                         
3113.50                              0     0                         
3113.51                              0     0                         
3113.52                              0     0                         
3113.53                              0     0                         
3113.54                              0     0                         
3113.55                              0     0                         
3113.56                              0     0                         
3113.57                              0     0                         
3113.58                              0     0                         
3113.59                              0     0                         
3113.5A                              0     0                         
3113.5B                              0     0                         
3113.5C                              0     0                         
3113.5D                              0     0                         
3113.5E                              0     0                         
3113.5F                              0     0                         
3113.60                              0     0                         
3113.61                              0     0                         
3113.62                              0     0                         
3113.63                              0     0                         
3113.64                              0     0                         
3113.65                              0     0                         
3113.66                              0     0                         
3113.67                              0     0                         
3114.01                              0     0                         
3114.02                              0     0                         
3114.03                              0     0                         
3114.04                              0     0                         
3114.05                              0     0                         
3114.06                              0     0                         
3114.07                              0     0                         
3114.08                              0     0                         
3114.09                              0     0                         
3114.0A                              0     0                         
3114.0B                              0     0                         
3114.0C                              0     0                         
3114.0D                              0     0                         
3114.0E                              0     0                         
3114.0F                              0     0                         
3114.10                              0     0                         
3114.11                              0     0                         
3114.12                              0     0                         
3009.01                              0     0                         
3009.06                              0     0                         
3009.11                              0     0                         
3009.07                              0     0                         
3009.12                              0     0                         
3001.08                              0     0 